416.56318920880983
324.5569182224935
268.1750557811965
243.04443244224277
227.23805375695216
149.01696059846097
431.83779874956775
124.43127442549068
161.29461980348026
147.43649972241684
44.750953014040086
392.9070360564519
95.97204241279167
45.095987869508804
390.96245332694116
71.86614505574678
5.894124029827474
109.55777075081336
74.26981913267888
94.18164874561957
235.4173650006053
144.84377862629256
391.5677877750177
494.9613473707973
157.6430268954056
144.28042811326037
158.32685380816562
330.1075882108811
226.85183112082845
129.45149455311406
192.35409314288137
352.57619460335314
415.58711342164736
88.48362687216482
299.9068681671165
60.94844042982811
292.8657130528629
286.25976591761815
281.3497359064867
246.76372359094495
288.92806479569936
353.221379147147
442.7066150688992
214.15249817640486
24.669927735965658
488.95945789947217
400.4649860740174
324.0842728253041
362.8388562626863
121.00458340483743
328.84435132407117
245.6818120474798
27.00937914201701
107.68976040633055
434.0489293997339
159.74116581536273
28.362905733033074
301.9421853503795
314.1417484086828
54.358622145804894
460.3853935915638
188.55155875214237
342.261884924437
95.67792148963217
84.4508900665225
262.62247223355337
438.523067830895
159.3100538877058
235.8440212455092
83.21509042421494
84.18325618130518
410.78219351697015
93.2239889969942
446.26946170755684
83.05150625250485
108.65950729336483
397.91720645266275
456.90152377290445
448.39768459185257
106.68801656459776
363.71667902985314
442.5277949942348
421.5797386441642
140.208271816632
102.25190678952478
480.77341359263784
421.19370054876185
411.21840141962696
88.89611040674828
359.32495199263695
135.76255005307385
132.31383776541122
230.43678281389163
282.81148783295805
176.54531645915856
383.4931913175367
135.78303385476116
14.503302636839187
263.37259120223007
319.676468343081
413.6949743490241
64.58681091671836
55.83002220378708
394.05870708985253
4.9271121546062275
422.9460470704169
26.421596067981056
140.49187909695698
56.517614172427734
402.8833661565004
444.1472263321558
171.4135330644418
177.0976738414663
312.40928304365855
65.18705412776049
126.977483911981
38.327067918777324
453.0876872109671
318.452065210826
83.32844276756973
17.96063717016949
68.3377750418086
129.47155630376704
372.29633126034196
320.04352312590834
465.37425476913097
43.633322897908
323.2340205040993
87.0103310320402
166.35080279575033
98.7159099435182
106.08661427839617
144.0903297023331
394.01214598267933
177.99480034764227
462.2307241055545
257.39777533251385
120.93797769222314
223.4935126382512
228.37331354258106
75.34837850506204
20.096842830069072
481.1695206855006
410.6403455107622
365.23507009350334
42.62624756611844
329.9095236751836
365.10776152837434
281.1090540852906
0.9609009435803673
357.9876378222989
145.92740141492283
477.8216985437937
383.70783746158025
157.1863810034358
441.0278821753249
212.35937255205184
192.66439430954907
207.6074683955137
473.9905811051128
35.924451669781085
254.87286491955552
197.01917565010197
326.4714799405461
220.28519753535642
182.2577091270533
286.7446028541596
493.84320752059307
63.076826969165225
481.20220291009423
296.8431440220335
444.99842767788846
245.84529504599695
352.8427129798996
363.0454403177426
258.57781575212834
10.182234363467547
162.65320889654222
423.42303454942754
177.01453891837366
173.43519473259917
59.233908385374015
73.05155643153283
380.0765541449463
237.5259053917224
197.62761850196452
252.35783761117324
280.9242344025675
359.8070994586628
405.737493102549
478.56061519994546
458.96571390054214
70.72955658913483
255.90813895185167
388.58561153384056
327.03389142364824
380.4412108664863
352.9983139918446
229.5247212239857
390.43266459588773
125.6822167494655
467.54406578573713
159.4201396332079
357.75100944384855
270.62003081187754
432.8388104245725
80.95093221224009
16.05579206735308
279.11057789512756
140.081905473934
26.36429719005945
86.86237100447269
78.18041374457884
125.40723295368628
38.93700132955574
485.6526658572434
161.85258521322672
52.26750410473646
468.316611850993
283.52226049110544
170.64010361022324
216.5719616500717
46.34258241248174
236.1397752334061
206.24400597288155
145.00522668713828
116.8068210794304
216.2843388021437
385.98685120994105
368.8188894937853
261.6820433931508
490.16328901902546
85.09010038914077
4.195239044240074
140.92472922681333
63.059134076173414
422.9033266551129
66.292380222221
104.43098796954509
171.27112944380312
179.6155613968448
366.75285160694847
385.4871856803565
190.9791245543395
64.59792239820572
196.52933796299575
369.6142537953739
200.4786001805991
353.31987876098367
248.69539867799588
75.78630990811774
111.13616388484331
47.92320519971699
339.82407165126386
392.047304013081
496.3171411211087
399.79518417183965
479.9063123364526
346.67103062471745
14.808880042402993
250.34374687717886
421.08075873201534
447.1779474692038
99.68523429969906
458.32772966677186
139.68747223425422
41.99405815081286
216.32534783906942
392.8817675073527
266.32736402496766
144.81830077392777
299.04617916068634
346.9476068201692
257.39968964340653
68.99606777453282
241.7550834447157
84.40135690466455
121.58256585216847
333.85660332635126
272.7397887709379
408.2862825883189
225.9950830090332
247.96737351072383
381.4768189834319
387.03313423726667
308.4453226174374
135.65868003146252
255.26019147185204
68.22260553005589
369.8455530270625
185.94353182730845
104.66904391501924
407.61259776679935
296.87459638949906
338.13408860165003
355.77881964287894
97.62932719106132
375.74754916466816
367.61677718271227
398.8685641932683
297.6131922959731
203.74974335798547
224.61103269267713
287.1862907534034
335.63304107577477
20.454878717028222
0.7907993142767245
387.88323703960833
183.0432324603809
298.90257031070456
404.61643509395896
8.39109123697096
357.2955480576047
345.5835950599675
88.17251199622127
238.97132613159457
119.0889443229693
243.83194438854255
342.752189601644
212.14734744493137
95.28960398704994
470.92070983036604
240.93438844575866
466.8266661593458
172.31327104184214
376.98130097505856
119.61178719255227
46.9753185689864
2.8181908803835976
445.3437438442602
307.80871506488893
179.93786587981785
435.38269927743056
156.44273441631879
168.64502808834848
136.17374099718364
206.3339593977731
82.017256074285
492.33852462792845
138.35135921389613
350.7561125291534
19.25755871598178
452.0424367476463
60.125011762803496
435.35460669270054
141.8071143726964
105.05089558461233
494.8123339327841
465.74322783172306
84.53676368547592
23.346391439287075
288.23598192908213
337.65501445258246
324.3039062625714
83.53256316083969
111.14337186123491
460.85187292696423
90.74028382246274
47.04058782256493
71.1734741629299
282.74535792344926
35.45426487176107
195.2186657051206
496.0281062035322
464.57756289150643
330.22817993340936
10.368290800595037
337.0303552611387
385.0646622203369
36.27071728856779
377.1646366874509
78.2052113242594
52.064883835162334
406.88336588142903
255.6195142064236
447.4515483741325
444.7801978530436
425.0883865049607
228.1172719852263
216.40804320279443
133.36189921966812
102.88648518111809
444.9616752839078
34.27703824103811
156.58341343655812
460.53449716264333
424.1526179389786
90.87029944788854
369.4280157264744
204.71786865279685
388.5655402263436
33.35295067717087
382.93274853249324
287.2513639952076
160.82165659607256
339.2973260340074
282.14089761191025
293.75023777474223
51.92181969166726
238.51833731581385
11.924216307233337
273.96139525174095
170.39687289642725
253.45570827505682
423.4917752217898
356.7802200248458
325.2613422537112
378.85186768027455
335.827599265684
461.97209684716086
289.45436710828506
410.5016971730672
477.2720585012418
283.88455212111035
172.70029105789249
219.42617081032046
449.1477696555492
262.40886740188967
54.17064438077451
261.6619474388347
110.88646822573239
309.9805061298789
